


Real-valued probsame with knapsack prec=2

size 15 run 100... [1.0, 1.0, 1.0, 1.0, 0.97, 0.88, 0.92, 0.97, 0.85, 0.9, 0.7, 0.76, 0.65, 0.67, 0.65]
runtime exhaustive: [0.3449583053588867, 0.5398893356323242, 0.7512259483337402, 0.9532809257507324, 1.3327860832214355, 1.8693065643310547, 3.967568874359131, 5.301408767700195, 6.5625691413879395, 11.335396766662598, 21.181223392486572, 40.16936540603638, 78.64871978759766, 156.30502462387085, 318.2744884490967]
runtime knapsack: [0.30997514724731445, 0.6701254844665527, 1.2897276878356934, 2.657923698425293, 4.434010982513428, 7.729840278625488, 16.0205078125, 23.219962120056152, 30.344245433807373, 45.64311742782593, 72.16351747512817, 114.68152523040771, 186.1092710494995, 312.35910177230835, 553.5440754890442]

Binary probsame with knapsack prec=2

size 20 run 100... [1.0, 1.0, 1.0, 1.0, 1.0, 0.92, 1.0, 0.99, 0.99, 0.99, 1.0, 0.9, 0.99, 0.97, 1.0, 0.99, 0.98, 0.9, 0.99, 0.99]
runtime exhaustive: [0.2953934669494629, 0.5397677421569824, 0.7855129241943359, 1.0252189636230469, 1.3134193420410156, 1.522367000579834, 5.494232177734375, 3.822610378265381, 4.969437122344971, 5.774054527282715, 7.512333393096924, 15.140979290008545, 26.841723918914795, 33.21112871170044, 42.63455390930176, 56.960461139678955, 99.13889408111572, 278.66368293762207, 397.1769332885742, 956.9124054908752]
runtime knapsack: [0.2246236801147461, 0.6847739219665527, 1.5642619132995605, 2.5789976119995117, 4.9062371253967285, 7.595610618591309, 35.07187366485596, 25.77474355697632, 39.30131673812866, 49.87297296524048, 65.05491971969604, 129.47283267974854, 193.55676412582397, 232.92034149169922, 263.2612466812134, 296.79449796676636, 384.20944929122925, 831.4748573303223, 955.399158000946, 1768.7790727615356]

Binary probsame with knapsack prec=1

size 20 run 100... [1.0, 1.0, 1.0, 1.0, 1.0, 0.94, 0.99, 1.0, 1.0, 1.0, 1.0, 0.97, 1.0, 0.98, 1.0, 1.0, 1.0, 0.96, 1.0, 1.0]
runtime exhaustive: [0.35013675689697266, 0.7703065872192383, 1.2940788269042969, 1.489706039428711, 1.855926513671875, 1.895895004272461, 2.617337703704834, 2.9901528358459473, 3.7524771690368652, 4.8000359535217285, 6.220407485961914, 8.58407735824585, 11.422820091247559, 18.812355995178223, 28.939177989959717, 46.47989511489868, 72.29351758956909, 124.54930305480957, 228.43557834625244, 440.7893204689026]
runtime knapsack: [0.24987220764160156, 0.6948351860046387, 1.2154650688171387, 1.5146803855895996, 1.8640875816345215, 2.8951191902160645, 4.370627403259277, 5.7535552978515625, 8.025662899017334, 11.28230094909668, 15.572569370269775, 19.865999221801758, 27.11693048477173, 41.05583190917969, 59.60808038711548, 82.01082944869995, 116.70180797576904, 177.2678017616272, 289.573016166687, 524.4127511978149]

Binary probsame with knapsack prec=1 after changing from list of lists to 3d numpy array

size 20 run 100... [1.0, 1.0, 1.0, 1.0, 1.0, 0.97, 1.0, 1.0, 1.0, 1.0, 1.0, 0.96, 1.0, 0.99, 1.0, 1.0, 1.0, 0.97, 1.0, 1.0]
runtime exhaustive: [0.3499603271484375, 0.7494878768920898, 1.124708652496338, 1.4792728424072266, 1.619253158569336, 2.2144412994384766, 2.424345016479492, 3.584563732147217, 4.069383144378662, 5.894973278045654, 6.85964822769165, 9.550142288208008, 12.259492874145508, 18.55949640274048, 28.424623012542725, 46.89555883407593, 75.60089111328125, 137.56131172180176, 270.190372467041, 502.6639246940613]
runtime knapsack: [0.1997542381286621, 0.614774227142334, 1.029820442199707, 1.3299942016601562, 1.9649982452392578, 2.8749775886535645, 3.4151053428649902, 5.715069770812988, 7.640209197998047, 10.799710750579834, 12.550806999206543, 17.685627937316895, 23.41123342514038, 34.486985206604004, 49.26278591156006, 73.93036365509033, 105.43208122253418, 179.03915643692017, 316.61638021469116, 556.8182706832886]