Average values over 1000 runs for sizes from 1 to 20


---------------
F1
---------------
means(Exhaustive): [1.   0.95 0.9  0.87 0.87 0.85 0.84 0.83 0.83 0.83 0.82 0.83 0.83 0.83
 0.82 0.82 0.83 0.83 0.83 0.82]
means(Lower bound): [1.   0.56 0.48 0.46 0.46 0.44 0.45 0.43 0.43 0.43 0.41 0.41 0.41 0.41
 0.41 0.4  0.39 0.39 0.38 0.39]
means(Tabu search): [1.   0.95 0.9  0.87 0.87 0.83 0.83 0.82 0.82 0.83 0.81 0.83 0.82 0.82
 0.81 0.81 0.82 0.82 0.81 0.81]
means(Knapsack): [1.   0.95 0.9  0.87 0.87 0.85 0.84 0.83 0.83 0.83 0.82 0.83 0.83 0.83
 0.82 0.82 0.83 0.83 0.83 0.83]
 
 
---------------
Dice similarity
---------------
means(Lower bound): [1.   0.67 0.62 0.58 0.53 0.52 0.5  0.48 0.47 0.46 0.45 0.43 0.43 0.43
 0.44 0.42 0.4  0.39 0.4  0.4 ]
means(Tabu search): [1.   1.   0.99 0.98 0.97 0.95 0.96 0.95 0.95 0.96 0.95 0.95 0.96 0.96
 0.95 0.95 0.96 0.96 0.96 0.96]
means(Knapsack): [1. 1. 1. 1. 1. 1. 1. 1. 1. 1. 1. 1. 1. 1. 1. 1. 1. 1. 1. 1.]


---------------
Global optimum rate
---------------
means(Lower bound): [1. 0. 0. 0. 0. 0. 0. 0. 0. 0. 0. 0. 0. 0. 0. 0. 0. 0. 0. 0.]
means(Tabu search): [1.   1.   0.97 0.92 0.88 0.81 0.79 0.74 0.72 0.72 0.67 0.67 0.67 0.65
 0.64 0.63 0.6  0.6  0.6  0.59]
means(Knapsack): [1.   1.   1.   1.   0.99 0.99 1.   0.99 0.99 0.99 1.   0.99 1.   1.
 1.   0.99 1.   1.   0.99 0.99]